31
87
98
94
76
27
42
43
48
41
19
66
68
44
81
22
87
22
99
73
31
91
79
45
68
79
31
94
86
99
28
75
69
75
29
21
24
37
14
33
38
33
33
87
51
53
48
25
96
42
47
77
14
21
88
72
19
24
16
39
24
65
66
76
62
26
43
33
68
22
77
48
69
39
75
97
17
66
29
62
48
66
63
17
78
57
99
83
38
46
28
44
13
45
26
99
53
76
95
29
99
28
11
91
91
15
14
79
51
52
65
12
65
78
92
11
61
16
61
11
63
65
86
79
97
43
93
39
89
33
92
78
18
62
32
81
87
66
19
33
81
28
42
47
65
76
81
94
31
77
55
78
71
33
55
73
33
85
84
55
94
71
55
78
46
78
77
12
77
99
35
81
66
67
38
17
22
99
61
93
87
26
28
21
66
33
21
56
34
99
64
38
27
27
71
61
41
71
45
32
12
12
55
48
71
47
94
25
76
59
62
54
57
12
43
11
98
46
78
23
12
23
76
14
71
73
29
88
33
53
11
13
97
63
16
44
63
57
27
28
47
99
53
53
11
28
44
22
85
61
46
82
44
32
41
26
39
83
75
57
85
41
57
62
77
91
81
68
25
88
99
87
45
27
86
55
84
66
12
57
22
61
55
33
13
95
58
77
14
53
24
16
78
45
96
43
22
73
59
77
55
69
17
82
13
61
64
35
58
43
64
49
87
55
91
67
64
44
31
48
51
39
88
43
94
11
33
91
71
22
82
46
33
18
39
77
84
77
45
89
97
18
73
88
23
14
85
34
62
34
96
84
57
95
31
72
17
52
25
97
26
18
58
54
81
22
41
39
83
57
85
14
94
19
69
97
86
93
84
14
71
98
22
31
27
36
79
67
67
88
37
12
99
35
17
42
72
28
81
42
43
29
46
22
28
13
71
38
27
36
49
68
74
43
88
49
33
79
52
26
14
75
62
95
88
95
33
84
91
11
11
76
55
13
41
59
91
11
94
77
79
33
33
19
74
57
79
74
18
11
62
19
89
43
72
27
11
67
61
51
71
36
55
33
88
77
17
38
84
56
48
61
19
82
27
36
64
17
57
32
33
67
39
56
15
95
18
17
22
14
25
46
33
67
71
82
73
93
55
87
45
47
66
42
87
43
11
58
66
36
12
81
93
51
51
74
72
91
42
83
66
52
41
73
97
54
32
78
69
61
72
48
49
13
43
57
85
94
35
95
14
94
25
43
18
83
35
45
98
58
43
26
95
31
22
84
99
29
89
87
48
76
86
45
46
53
33
11
81
89
72
32
41
42
43
48
43
35
18
93
82
44
12
77
98
74
39
72
11
74
96
32
13
17
21
72
13
14
95
36
98
59
51
78
17
64
28
14
79
99
72
58
14
56
86
13
44
91
99
37
35
84
25
43
56
96
92
19
78
27
92
78
28
51
36
12
78
74
19
47
86
93
55
96
34
28
42
28
18
97
32
29
18
78
87
81
49
28
41
83
61
61
33
97
97
98
81
92
52
29
67
42
29
42
87
79
27
14
78
66
37
33
83
19
44
69
36
81
14
22
91
73
59
24
12
81
92
48
63
21
26
69
25
36
97
45
23
93
22
88
11
73
42
55
28
26
47
17
81
97
74
59
33
24
87
73
66
33
86
66
71
83
56
18
45
85
81
75
88
56
16
46
74
51
42
28
68
25
37
53
52
86
35
25
95
52
64
91
92
11
65
13
32
65
79
99
77
65
29
52
32
75
38
81
53
67
24
44
24
65
66
73
72
66
93
92
82
19
99
79
46
27
55
49
95
71
59
99
56
96
33
97
29
72
97
21
19
71
56
62
26
33
72
28
61
88
56
19
27
66
23
47
37
41
58
52
26
38
54
38
75
18
51
76
35
66
35
52
84
66
76
62
32
45
47
16
35
22
82
37
99
48
81
36
76
77
82
58
94
41
87
36
67
31
59
99
91
65
43
18
55
59
22
55
14
23
19
62
13
98
51
88
38
14
83
77
83
18
22
37
32
51
69
22
18
19
81
23
46
21
58
75
85
35
72
44
63
44
17
29
46
48
31
81
79
67
21
99
79
87
33
55
15
85
55
46
22
71
89
83
53
66
68
46
14
74
88
44
46
66
16
23
56
37
66
71
17
63
65
11
77
72
74
12
71
13
22
31
37
98
24
78
75
27
31
14
35
51
38
21
17
76
71
85
72
99
17
54
35
75
66
13
29
59
31
67
46
62
68
51
32
32
91
66
28
77
96
45
47
33
